100
100
100
100
100
101
101
101
101
101
101
102
102
102
102
102
102
103
103
103
103
103
104
104
104
104
104
104
104
104
105
105
105
105
105
106
106
106
106
106
107
107
107
107
107
107
108
108
108
109
109
109
109
110
110
110
110
110
111
111
111
111
112
112
112
113
113
113
113
113
113
114
114
114
114
114
114
114
114
114
114
114
114
114
115
115
115
115
116
116
116
116
116
116
116
117
117
117
117
117
117
117
118
118
118
118
118
118
118
118
119
119
119
119
120
120
120
121
121
121
121
121
121
122
122
123
123
123
123
123
123
124
124
124
124
124
125
125
125
125
125
125
125
125
125
126
126
126
126
127
127
127
127
128
128
128
128
128
129
129
129
129
129
129
129
129
130
130
131
131
131
132
132
133
133
133
133
134
134
135
135
136
136
136
136
136
136
136
137
137
137
137
137
137
137
138
138
138
138
138
138
139
139
139
140
140
140
140
140
141
141
141
142
143
143
143
144
144
144
145
145
145
145
146
146
146
146
147
147
147
147
147
147
148
148
148
148
149
149
149
149
149
149
150
150
150
151
151
151
151
151
152
152
152
152
152
152
153
153
153
153
153
154
154
154
155
155
155
155
155
156
156
156
156
156
156
156
157
157
158
158
158
158
159
160
160
161
161
161
161
161
161
162
162
162
162
162
162
162
162
163
163
163
163
163
164
164
164
164
164
164
165
165
165
166
166
166
166
167
168
168
168
168
168
169
169
170
170
171
171
171
171
171
171
171
172
172
172
172
172
172
173
173
173
174
174
174
174
175
176
176
176
176
176
176
176
177
177
177
177
178
178
178
180
180
180
180
180
181
181
181
182
182
183
183
183
184
184
184
184
185
185
185
185
185
185
186
186
186
186
187
187
187
187
187
187
188
188
188
188
188
188
188
188
188
190
190
190
190
190
190
191
191
191
191
192
192
192
193
193
194
194
194
194
195
195
195
195
195
195
196
196
196
196
197
197
197
197
197
198
198
199
199
200
200
200
200
202
202
203
203
203
203
203
203
204
204
204
204
204
205
205
205
205
205
206
206
206
206
207
207
207
208
208
208
209
209
209
209
209
209
210
210
210
211
211
211
212
212
213
213
214
214
214
214
215
216
216
216
217
217
218
218
218
219
219
219
219
219
219
219
220
220
220
220
220
220
221
221
221
221
221
221
221
222
222
222
222
222
223
224
224
224
224
224
224
224
225
225
225
225
226
226
226
226
226
226
226
226
226
227
227
227
227
227
227
228
228
229
230
230
231
231
231
232
232
232
232
232
232
232
233
233
233
233
233
234
234
234
234
234
235
235
236
236
237
237
237
237
237
237
238
238
238
238
238
239
239
240
240
241
241
242
242
243
244
244
244
245
246
246
246
246
247
247
247
247
248
248
249
250
250
250
251
251
251
252
252
252
252
252
252
253
254
254
254
255
255
255
255
255
255
255
256
256
256
257
257
257
257
257
257
260
260
261
261
261
261
263
263
264
264
264
265
265
265
266
266
267
267
267
267
268
269
269
269
269
269
269
270
271
272
272
272
273
273
273
273
274
274
275
275
276
277
277
277
277
278
279
279
280
281
282
283
283
283
283
284
284
284
284
284
284
285
285
286
286
286
287
287
288
288
288
289
289
289
290
290
290
292
292
294
294
295
295
296
296
296
296
297
297
298
298
298
298
299
299
299
299
299
300
300
300
301
301
301
302
302
302
304
305
305
306
307
308
308
308
309
310
312
313
314
314
315
315
316
316
316
316
316
316
316
317
317
317
318
318
319
319
321
321
322
322
323
323
324
324
325
325
325
325
325
326
326
326
327
327
327
327
328
328
329
329
329
330
330
331
331
331
332
332
332
332
332
332
333
333
334
335
335
335
336
336
336
336
337
337
337
338
338
338
338
339
340
342
342
343
344
344
344
345
346
347
347
347
347
348
348
348
349
349
350
351
352
353
353
353
354
355
356
357
357
357
358
358
359
360
360
361
362
363
363
363
364
364
366
367
367
367
368
368
369
370
371
371
373
373
375
375
376
376
376
377
377
378
379
379
381
381
382
382
382
383
385
385
385
386
386
386
388
388
389
390
390
390
391
393
394
394
395
396
396
397
398
399
399
399
400
401
402
402
402
403
403
404
404
404
405
405
405
405
406
406
407
407
408
408
409
410
410
410
410
410
411
411
412
412
412
413
413
414
414
416
416
416
416
417
417
417
418
419
422
422
422
423
423
423
423
423
423
425
425
425
426
426
426
427
428
429
429
429
429
429
429
431
431
432
433
433
434
434
434
434
434
435
436
436
439
440
440
442
442
442
442
443
444
445
445
446
446
447
447
447
447
448
448
449
450
451
451
452
452
452
452
453
453
454
454
455
455
456
457
458
458
459
460
460
461
461
461
461
461
462
463
464
464
465
469
469
471
472
472
473
473
473
474
475
476
477
477
477
479
479
480
480
481
484
486
486
488
489
489
489
490
492
493
493
494
494
494
495
495
496
496
498
499
499
500
501
501
502
502
504
506
506
506
506
507
508
509
510
511
513
514
514
515
515
516
516
518
519
520
520
520
520
520
522
523
523
524
524
525
525
525
525
525
526
526
526
526
527
528
529
529
532
532
532
533
533
533
534
535
535
536
537
537
537
537
539
539
539
540
540
543
544
544
545
546
548
548
551
551
552
553
554
555
555
555
557
557
558
559
559
563
564
564
565
567
569
569
570
572
572
576
578
581
581
582
582
583
584
587
588
593
595
595
595
596
599
599
599
600
600
602
602
604
605
606
607
607
608
612
612
614
616
622
624
626
627
627
627
627
628
630
631
632
632
634
635
636
639
640
640
640
643
643
644
644
648
651
651
652
655
655
657
657
657
658
660
661
661
662
662
663
665
665
667
667
667
667
667
667
668
668
669
670
671
671
672
672
673
673
674
675
675
676
677
677
679
681
681
682
684
685
687
687
690
692
695
696
697
699
699
700
705
706
707
708
710
711
712
714
715
719
720
722
723
724
725
725
726
726
734
735
735
743
744
745
746
748
748
748
750
751
752
754
755
757
758
759
759
761
761
762
762
762
764
765
765
766
767
770
772
772
773
773
776
777
778
779
780
786
792
792
792
793
793
796
797
799
801
804
813
816
817
818
820
822
823
823
825
825
829
831
832
834
837
839
842
844
845
852
852
854
855
855
856
856
862
865
867
867
870
871
873
873
879
879
879
881
883
891
891
893
894
895
897
898
901
905
907
909
911
913
917
917
918
918
919
919
921
921
922
923
923
924
924
924
925
931
933
935
939
944
946
946
947
951
953
954
954
958
958
959
959
960
962
965
966
966
967
969
971
972
983
984
985
985
986
993
999
1001
1002
1002
1004
1005
1005
1006
1006
1007
1009
1009
1009
1011
1014
1014
1016
1019
1019
1022
1024
1025
1026
1027
1029
1030
1030
1041
1042
1052
1053
1053
1058
1063
1066
1073
1076
1080
1082
1082
1082
1083
1091
1093
1094
1096
1097
1099
1099
1100
1103
1107
1108
1109
1110
1113
1122
1148
1154
1156
1160
1166
1166
1166
1169
1170
1178
1180
1181
1184
1184
1184
1185
1186
1189
1192
1197
1197
1202
1205
1206
1209
1209
1211
1225
1231
1234
1238
1239
1242
1246
1247
1251
1252
1258
1264
1266
1269
1271
1276
1281
1288
1290
1291
1291
1292
1293
1293
1295
1297
1302
1306
1309
1313
1316
1317
1331
1333
1333
1335
1338
1340
1354
1354
1358
1362
1363
1364
1366
1373
1374
1377
1384
1394
1398
1399
1400
1405
1419
1426
1430
1433
1442
1448
1455
1461
1469
1473
1483
1483
1490
1497
1525
1541
1544
1551
1565
1569
1572
1582
1588
1609
1627
1631
1635
1641
1644
1647
1651
1659
1660
1665
1668
1671
1673
1675
1679
1681
1682
1691
1696
1697
1706
1708
1713
1724
1729
1740
1744
1747
1753
1760
1767
1784
1785
1818
1827
1828
1848
1872
1883
1885
1902
1908
1918
1939
1941
1962
1969
1971
1985
1987
1988
2012
2016
2034
2057
2058
2066
2068
2080
2086
2103
2116
2132
2137
2152
2155
2168
2183
2183
2202
2213
2217
2226
2229
2234
2253
2272
2277
2279
2349
2364
2373
2381
2396
2404
2423
2462
2462
2466
2466
2470
2479
2485
2494
2509
2509
2520
2521
2525
2533
2544
2550
2589
2594
2688
2697
2710
2723
2737
2765
2773
2839
2852
2861
2884
2911
2919
2927
2943
2949
3022
3023
3074
3080
3087
3088
3106
3163
3172
3192
3198
3241
3290
3308
3369
3371
3380
3425
3434
3442
3455
3471
3488
3561
3592
3617
3667
3673
3681
3692
3748
3754
3760
3773
3783
3794
3845
3855
3933
3949
3962
3986
4046
4071
4083
4143
4173
4187
4191
4203
4213
4259
4297
4338
4376
4395
4428
4518
4610
4659
4789
4804
4814
4912
4915
4918
4989
4993
5073
5085
5093
5181
5199
5241
5324
5339
5346
5760
5777
5793
5841
5847
5868
5939
6029
6281
6380
6474
6783
6900
6982
7095
7238
7412
7528
7545
7633
7671
7682
7948
8267
8286
8403
8873
9021
9466
9674
9857
10361
10664
10759
11145
11168
11180
11765
12273
12276
13252
13585
14387
18150
19819
21942
25920
